190677896626955265519166382920
057016925780397025597603351741
571595197987147841620381836120
700979680399225919073124409011
314521781933055578777009641870
224886976269574121191923808001
547927734363430864286570870870
527330225973217425843612690981
252107132949261923529090371560
407647672066992004577488635881
926810698894583916483331316890
419190159168618121780115466171
719628666772755697986999468190
966831817416884563361153221231
746441525496274631189516058180
157911386825672057375448144951
381293621226783118167811727330
962012374717507018045838100951
344645804275145948945648468670
209665365714428132159613461441
